00010001
00001100
00000000
00000000
00000000
11001000
00010001
00001101
00000000
00000000
00000000
01011010
00010001
00001110
00000000
00000000
00000000
00011110
00010001
00001111
00000000
00000000
00000000
01100100
00011001
00010011
10001000
11100000
00010001
00000000
00000000
00000000
00000000
00000000
00010010
00100111
00010000
00000000
00000000
00000000
00000010
00010100
00100111
00010000
00000000
00000001
10101000
00000000
00110010
11110000
00010001
00001011
00000000
00000000
00010011
10001001
00010001
00001010
00000000
00000000
00010011
10001001
00110000
00001010
00001110
00001010
00011010
00001011
11111111
00110011
00001011
00000000
00000000
00000000
00000001
00001011
10100011
00001011
00001010
00000000
01000010
00010001
00001011
00000000
00000000
00010011
10001001
00010000
00001101
00010100
10001001
00100000
00001001
00010100
10001001
00110000
00001001
00001111
00001001
01010011
00001101
00000000
00000000
00000001
00000000
00001000
00110000
00001000
00001100
00001000
00011011
00001011
00001000
00001110
00110011
00001101
00000000
00000000
00000000
00000001
00001101
10100011
00001101
00001001
00000000
01100011
10100100
